Position
0 0 0
10 0 6
10 3 6
0 3 0
10 0 6
0 0 -14
0 3 -14
10 3 6
0 0 -14
-10 0 6
-10 3 6
0 3 -14
-10 0 6
0 0 0
0 3 0
-10 3 6
-10 0 6
0 0 -14
0 0 0
10 0 6
0 0 0
0 0 -14
-10 3 6
0 3 0
0 3 -14
10 3 6
0 3 -14
0 3 0
Normal
-0.514496 0 0.857493
-0.514496 0 0.857493
-0.514496 0 0.857493
-0.514496 0 0.857493
0.894427 0 -0.447214
0.894427 0 -0.447214
0.894427 0 -0.447214
0.894427 0 -0.447214
-0.894427 0 -0.447214
-0.894427 0 -0.447214
-0.894427 0 -0.447214
-0.894427 0 -0.447214
0.514496 0 0.857493
0.514496 0 0.857493
0.514496 0 0.857493
0.514496 0 0.857493
0 -1 0
0 -1 0
0 -1 0
0 -1 0
0 -1 0
0 -1 0
0 1 0
0 1 0
0 1 0
0 1 0
0 1 0
0 1 0
Index
0 1 2
0 2 3
4 5 6
4 6 7
8 9 10
8 10 11
12 13 14
12 14 15
16 17 18
19 20 21
22 23 24
25 26 27