Position
-20 -10 0
0 0 0
0 0 2
-20 -10 2
0 0 0
20 -10 0
20 -10 2
0 0 2
20 -10 0
20 9 0
20 9 2
20 -10 2
20 9 0
0 19 0
0 19 2
20 9 2
0 19 0
-20 9 0
-20 9 2
0 19 2
-20 9 0
-20 -10 0
-20 -10 2
-20 9 2
-20 9 0
0 0 0
-20 -10 0
0 19 0
0 0 0
-20 9 0
0 19 0
20 9 0
0 0 0
20 -10 0
0 0 0
20 9 0
-20 9 2
-20 -10 2
0 0 2
0 19 2
-20 9 2
0 0 2
0 19 2
0 0 2
20 9 2
20 -10 2
20 9 2
0 0 2
Normal
0.447214 -0.894427 0
0.447214 -0.894427 0
0.447214 -0.894427 0
0.447214 -0.894427 0
-0.447214 -0.894427 0
-0.447214 -0.894427 0
-0.447214 -0.894427 0
-0.447214 -0.894427 0
1 0 0
1 0 0
1 0 0
1 0 0
0.447214 0.894427 0
0.447214 0.894427 0
0.447214 0.894427 0
0.447214 0.894427 0
-0.447214 0.894427 0
-0.447214 0.894427 0
-0.447214 0.894427 0
-0.447214 0.894427 0
-1 0 0
-1 0 0
-1 0 0
-1 0 0
0 0 -1
0 0 -1
0 0 -1
0 0 -1
0 0 -1
0 0 -1
0 0 -1
0 0 -1
0 0 -1
0 0 -1
0 0 -1
0 0 -1
0 0 1
0 0 1
0 0 1
0 0 1
0 0 1
0 0 1
0 0 1
0 0 1
0 0 1
0 0 1
0 0 1
0 0 1
Index
0
1
2
0
2
3
4
5
6
4
6
7
8
9
10
8
10
11
12
13
14
12
14
15
16
17
18
16
18
19
20
21
22
20
22
23
24
25
26
27
28
29
30
31
32
33
34
35
36
37
38
39
40
41
42
43
44
45
46
47
